1 297821
2 357984
3 438240
4 509184
5 555528
6 592074
7 569943
8 546534
9 528814
10 486878
11 417020
12 312374
13 232227
14 186331
15 154253
16 119852
17 86991
18 60720
19 40200
20 32037
21 23520
22 20828
23 18908
24 17576
25 18480
26 20412
27 23010
28 25289
29 28696
30 30380
31 33369
32 35938
33 37730
34 39424
35 42240
36 46170
37 48440
38 51100
39 53985
40 59220
41 67357
42 74704
43 83952
44 93564
45 103412
46 104832
47 109592
48 114774
49 110782
50 98373
51 87636
52 78111
53 68906
54 57358
55 45627
56 34383
57 30952
58 30240
59 30247
60 29600
61 29156
62 25668
63 28165
64 30058
65 32109
66 35760
67 38192
68 42840
69 44973
70 47816
71 49997
72 54481
73 57224
74 61120
75 63111
76 67620
77 70441
78 72864
79 76032
80 77880
81 80618
82 80343
83 74910
84 70818
85 68154
86 63600
87 62350
88 58630
89 57680
90 54990
91 55678
92 56256
93 57915
94 59946
95 62685
96 64277
97 67396
98 68882
99 74124
100 75749
101 79716
102 82140
103 85654
104 91154
105 94284
106 95918
107 98980
108 104742
109 104832
110 105472
111 105183
112 105470
113 105924
114 106032
115 100232
116 97988
117 97520
118 94095
119 93548
120 92463
121 90624
122 88452
123 85462
124 84109
125 83538
126 85200
127 84812
128 87890
129 91339
130 94864
131 99351
132 103530
133 106812
134 109881
135 116050
136 118128
137 119987
138 122688
139 121973
140 126585
141 126144
142 123552
143 123830
144 123060
145 120596
146 117808
147 107250
148 104397
149 103615
150 104016
151 104118
152 105522
153 108528
154 108120
155 107736
156 107835
157 105179
158 101904
159 97917
160 96140
161 94750
162 96012
163 95095
164 98392
165 99792
166 103124
167 106449
168 109516
169 112360
170 115077
171 122106
172 124644
173 126730
174 127302
175 125712
176 126819
177 127746
178 126721
179 119709
180 118428
181 116960
182 115939
183 114912
184 116508
185 117920
186 118724
187 120332
188 121950
189 123988
190 123432
191 123824
192 124416
193 121260
194 118404
195 114325
196 112564
197 111512
198 112136
199 113090
200 114756
201 118281
202 120912
203 126015
204 130140
205 135453
206 137826
207 144156
208 144742
209 149022
210 151662
211 144342
212 145040
213 146124
214 142000
215 143000
216 141783
217 141432
218 138880
219 138876
220 137409
221 137655
222 134400
223 134708
224 132160
225 133569
226 128592
227 129356
228 126144
229 125570
230 121049
231 120286
232 119250
233 123120
234 124815
235 130080
236 134460
237 141400
238 144801
239 152540
240 156349
241 166896
242 165920
243 167544
244 165230
245 167040
246 165699
247 155245
248 152576
249 151040
250 148190
251 147030
252 144495
253 146207
254 142714
255 145730
256 143863
257 146286
258 141328
259 141372
260 138807
261 140420
262 138334
263 141032
264 142066
265 149430
266 151249
267 158760
268 163984
269 174530
270 173376
271 179800
272 179928
273 180810
274 177762
275 174202
276 167480
277 164864
278 158500
279 147312
280 143055
281 143277
282 139080
283 141966
284 137170
285 138570
286 133980
287 136186
288 132020
289 135405
290 132810
291 138355
292 139009
293 146470
294 146816
295 154616
296 156560
297 166920
298 167904
299 175480
300 175266
301 182490
302 184101
303 191646
304 195840
305 201718
306 201960
307 206118
308 203742
309 204050
310 197800
311 199048
312 191646
313 190098
314 178500
315 175602
316 169576
317 170163
318 166022
319 167375
320 167832
321 172920
322 172368
323 177620
324 179305
325 185255
326 187824
327 195014
328 196650
329 199178
330 200445
331 204050
332 205910
333 208860
334 205114
335 208292
336 205623
337 205524
338 200508
339 199404
340 190179
341 186320
342 177448
343 172780
344 166005
345 164406
346 159650
347 159432
348 156772
349 158130
350 156156
351 159896
352 159744
353 161928
354 163770
355 171414
356 175608
357 182784
358 182924
359 188496
360 191416
361 194370
362 194350
363 200772
364 199628
365 198100
366 191535
367 191684
368 183032
369 181026
370 170130
371 166796
372 158105
373 158184
374 150995
375 151470
376 146816
377 149379
378 145530
379 147074
380 144449
381 149450
382 148005
383 148702
384 152208
385 157248
386 159317
387 161095
388 159232
389 161160
390 158312
391 161476
392 158312
393 160335
394 155136
395 157872
396 151704
397 152272
398 144540
399 142398
400 134899
401 135840
402 132342
403 134400
404 132550
405 135840
406 133925
407 139568
408 140934
409 148764
410 150964
411 159515
412 164245
413 173451
414 176256
415 183940
416 183456
417 185094
418 183483
419 186450
420 184368
421 185350
422 182820
423 186111
424 181500
425 182698
426 176229
427 175389
428 168950
429 169470
430 164090
431 165540
432 164016
433 166516
434 164472
435 166516
436 166920
437 170984
438 171675
439 177775
440 181158
441 186816
442 189720
443 193695
444 195915
445 196350
446 192299
447 191950
448 187000
449 184416
450 180180
451 183399
452 179071
453 180230
454 173880
455 172698
456 167244
457 169560
458 165680
459 167244
460 166288
461 169728
462 166896
463 171211
464 170877
465 175301
466 175906
467 182736
468 184756
469 191856
470 193775
471 197790
472 200421
473 201496
474 196305
475 196749
476 190380
477 189504
478 185885
479 188720
480 184008
481 185704
482 179676
483 177920
484 172731
485 174584
486 169983
487 172731
488 171152
489 173910
490 172325
491 175715
492 176130
493 180436
494 181227
495 187404
496 190512
497 196392
498 198830
499 202410
500 205686
501 205674
502 201718
503 200208
504 195640
505 195026
506 190740
507 193336
508 188760
509 189945
510 183464
511 181930
512 176080
513 177660
514 173240
515 175150
516 173545
517 176280
518 173545
519 176648
520 177057
521 181068
522 181853
523 187726
524 190836
525 196392
526 198830
527 202410
528 205686
529 205674
530 201718
531 200208
532 195640
533 195026
534 190740
535 193336
536 188760
537 189945
538 183464
539 181930
540 176080
541 177660
542 173240
543 175150
544 173545
545 176280
546 173545
547 176648
548 177057
549 181068
550 181853
551 187726
552 190836
553 196392
554 198830
555 202410
556 205686
557 205674
558 201718
559 200208
560 195640
561 195026
562 190740
563 193336
564 188760
565 189945
566 183464
567 181930
568 176080
569 177660
570 173240
571 175150
572 173545
573 176280
574 173545
575 176648
576 177057
577 181068
578 181853
579 187726
580 190836
581 196392
582 198830
583 202410
584 205686
585 205674
586 201718
587 200208
588 195640
589 195026
590 190740
591 193336
592 188760
593 189945
594 183464
595 181930
596 176080
597 177660
598 173240
599 175150
600 173545
601 176280
602 173545
603 176648
604 177057
605 181068
606 181853
607 187726
608 190836
609 196392
610 198830
611 202410
612 205686
613 205674
614 201718
615 200208
616 195640
617 195026
618 190740
619 193336
620 188760
621 189945
622 183464
623 181930
624 176080
625 177660
626 173240
627 175150
628 173545
629 176280
630 173545
631 176648
632 177057
633 181068
634 181853
635 187726
636 190836
637 196392
638 198830
639 202410
640 205686
641 205674
642 201718
643 200208
644 195640
645 195026
646 190740
647 193336
648 188760
649 189945
650 183464
651 181930
652 176080
653 177660
654 173240
655 175150
656 173545
657 176280
658 173545
659 176648
660 177057
661 181068
662 181853
663 187726
664 190836
665 196392
666 198830
667 202410
668 205686
669 205674
670 201718
671 200208
672 195640
673 195026
674 190740
675 193336
676 188760
677 189945
678 183464
679 181930
680 176080
681 177660
682 173240
683 175150
684 173545
685 176280
686 173545
687 176648
688 177057
689 181068
690 181853
691 187726
692 190836
693 196392
694 198830
695 202410
696 205686
697 205674
698 201718
699 200208
700 195640
701 195026
702 190740
703 193336
704 188760
705 189945
706 183464
707 181930
708 176080
709 177660
710 173240
711 175150
712 173545
713 176280
714 173545
715 176648
716 177057
717 181068
718 181853
719 187726
720 190836
721 196392
722 198830
723 202410
724 205686
725 205674
726 201718
727 200208
728 195640
729 195026
730 190740
731 193336
732 188760
733 189945
734 183464
735 181930
736 176080
737 177660
738 173240
739 175150
740 173545
741 176280
742 173545
743 176648
744 177057
745 181068
746 181853
747 187726
748 190836
749 196392
750 198830
751 202410
752 205686
753 205674
754 201718
755 200208
756 195640
757 195026
758 190740
759 193336
760 188760
761 189945
762 183464
763 181930
764 176080
765 177660
766 173240
767 175150
768 173545
769 176280
770 173545
771 176648
772 177057
773 181068
774 181853
775 187726
776 190836
777 196392
778 198830
779 202410
780 205686
781 205674
782 201718
783 200208
784 195640
785 195026
786 190740
787 193336
788 188760
789 189945
790 183464
791 181930
792 176080
793 177660
794 173240
795 175150
796 173545
797 176280
798 173545
799 176648
800 177057
801 181068
802 181853
803 187726
804 190836
805 196392
806 198830
807 202410
808 205686
809 205674
810 201718
811 200208
812 195640
813 195026
814 190740
815 193336
816 188760
817 189945
818 183464
819 181930
820 176080
821 177660
822 173240
823 175150
824 173545
825 176280
826 173545
827 176648
828 177057
829 181068
830 181853
831 187726
832 190836
833 196392
834 198830
835 202410
836 205686
837 205674
838 201718
839 200208
840 195640
841 195026
842 190740
843 193336
844 188760
845 189945
846 183464
847 181930
848 176080
849 177660
850 173240
851 175150
852 173545
853 176280
854 173545
855 176648
856 177057
857 181068
858 181853
859 187726
860 190836
861 196392
862 198830
863 202410
864 205686
865 205674
866 201718
867 200208
868 195640
869 195026
870 190740
871 193336
872 188760
873 189945
874 183464
875 181930
876 176080
877 177660
878 173240
879 175150
880 173545
881 176280
882 173545
883 176648
884 177057
885 181068
886 181853
887 187726
888 190836
889 196392
890 198830
891 202410
892 205686
893 205674
894 201718
895 200208
896 195640
897 195026
898 190740
899 193336
900 188760
901 189945
902 183464
903 181930
904 176080
905 177660
906 173240
907 175150
908 173545
909 176280
910 173545
911 176648
912 177057
913 181068
914 181853
915 187726
916 190836
917 196392
918 198830
919 202410
920 205686
921 205674
922 201718
923 200208
924 195640
925 195026
926 190740
927 193336
928 188760
929 189945
930 183464
931 181930
932 176080
933 177660
934 173240
935 175150
936 173545
937 176280
938 173545
939 176648
940 177057
941 181068
942 181853
943 187726
944 190836
945 196392
946 198830
947 202410
948 205686
949 205674
950 201718
951 200208
952 195640
953 195026
954 190740
955 193336
956 188760
957 189945
958 183464
959 181930
960 176080
961 177660
962 173240
963 175150
964 173545
965 176280
966 173545
967 176648
968 177057
969 181068
970 181853
971 187726
972 190836
973 196392
974 198830
975 202410
976 205686
977 205674
978 201718
979 200208
980 195640
981 195026
982 190740
983 193336
984 188760
985 189945
986 183464
987 181930
988 176080
989 177660
990 173240
991 175150
992 173545
993 176280
994 173545
995 176648
996 177057
997 181068
998 181853
999 187726
